## LambdaRank
## Epochs = 100
## No. of features = 46
## No. of hidden layers = 1
## Layer 1: 10 neurons
1 2 3 4 5 6 7 8 9 10 11 12 13 14 15 16 17 18 19 20 21 22 23 24 25 26 27 28 29 30 31 32 33 34 35 36 37 38 39 40 41 42 43 44 45 46
1
10
0 0 -0.007119352563494941 0.0036914941358525974 -0.08004135135689794 0.04393484958974377 -0.07734388560941496 -0.04269633273673009 -0.07039710761242363 -0.04550109202968683 0.03316648149508752 -0.020850129989825158
0 1 0.011059577594176619 0.04664315618580804 -0.02704861041342526 0.01169308202158324 0.08813048310884099 0.026969200896895605 0.09605011796790225 0.06853228961756018 0.04665274983474878 -0.0426549218531207
0 2 -0.06636576198207769 -0.06284642822468117 0.09588921275014065 0.014042200469982185 0.05889410468991114 0.06915358683525137 -0.03671452591154114 -0.09411710382487401 -0.07545309395718656 0.07909628507305859
0 3 0.0766810069095091 -0.09261177763153552 -0.05277454175140137 -0.03074607861403545 0.04383519318435746 0.06445608930575811 -0.07463530251215826 0.07587202635835504 -0.06766255839273323 0.003443989116106925
0 4 0.015238854403235025 0.09779678132520743 0.08392330849850477 0.06450103193844244 -0.08664528128118626 0.076121140399248 0.015688628167476838 0.018065903432790454 -0.06140301404983786 -0.0510369170718305
0 5 -0.0024340928066521883 -0.009151702746748924 0.028061170130968094 0.09033177047967911 -0.07166050374507904 -0.06308778375387192 0.01471397839486599 0.01106573361903429 0.09496233612298965 0.018931668251752853
0 6 0.061208486557006836 0.04020506143569946 -0.03334997966885567 -0.02267506718635559 0.01780613698065281 0.032420821487903595 0.049530766904354095 0.05032619088888168 0.028589850291609764 -0.056082338094711304
0 7 0.058729387819767 -0.037933968007564545 0.0896691083908081 -0.003585177706554532 0.09655196964740753 -0.03328933194279671 -0.07689005881547928 -0.032568007707595825 0.005618316121399403 0.06441164016723633
0 8 0.005956572480499744 0.08219854533672333 0.08145581930875778 0.040729112923145294 0.021950066089630127 0.03732232376933098 0.07254357635974884 0.06428775936365128 0.014943128451704979 0.03250589221715927
0 9 -0.09941437840461731 -0.030374282971024513 -0.023733895272016525 0.0978698879480362 -0.04336705803871155 -0.039614029228687286 0.020685160532593727 -0.04909517243504524 0.05661100894212723 0.02690599486231804
0 10 0.06699944128628861 -0.015479028955685351 0.06256876999808088 -0.03693023977402338 -0.09149100385091388 0.07883823197543859 -0.04739643309464442 -0.03664334721401355 -0.06964071583288305 -0.07674595455050538
0 11 -0.0935997254932457 -0.07606239836508852 0.07941635951363252 0.07480207849199236 0.063354827885304 -0.013886961072922439 -0.061881732393562976 0.07406949250064866 -0.03291185844458502 0.0877457132861508
0 12 -0.0518477472185157 0.05434720350731317 0.06585184344693808 -0.01982489464992573 -0.008280079099563816 -0.029389596388536242 0.09854990270997276 -0.05864051080693957 0.07868237210036264 0.025549641562813644
0 13 -0.007061505948900231 0.03475482169274446 0.07320569247606049 0.018539084108148356 0.08276714004991631 -0.028418578716690793 0.02480956247503438 0.012021787070512047 0.057193541704086394 0.04351409987066586
0 14 0.03526990176687099 0.011819585687434476 -0.07273612912682365 -0.061554851060442846 0.03896348670277645 -0.022316817104004665 -0.08246866492080185 -0.06500113113030641 -0.02088637055530045 -0.08152498733208804
0 15 -0.06971550461341024 0.016751983748179513 0.031868382812027016 0.0854668595891879 0.09720926699107804 -0.017284154984408384 0.00257941111248879 -0.06651584489958873 -0.034154850729355965 0.09130307396499757
0 16 8.826307047281488E-4 0.07886956428872512 -0.055544884776866144 0.0485121751597381 0.0723038741461112 0.05592160941388001 -0.07750919683483262 0.07030475038697295 0.03714444154309953 0.04539563695880578
0 17 0.07924504203330698 0.05348080928813746 0.008123913421767185 -0.06692045868190914 0.050621850096161485 -0.049993295521060334 0.005998620135901047 -0.023185856255971245 0.028333255560552523 0.06910042273038057
0 18 0.0808374947607838 -0.01078435754350482 -0.00702094723646887 0.007797401468601311 0.020615144802244596 0.08167387196265427 0.05747629887670958 0.013285961996735027 -0.06218215711175165 0.07237593482226548
0 19 -0.0461566782480457 -0.016911925560984534 -0.019811964285485473 0.009658718649133436 -0.025150831422101293 0.022154753425193557 0.04432388534108443 0.05187780458507237 -0.05691689573526292 -0.05244667672074466
0 20 -0.025426644129789053 0.09864135896590606 -0.03830723365319147 0.0751595457162976 -0.08121992665953902 0.043523317801501454 -0.020094284190352415 0.02838332310860535 -0.053326025352258936 0.051654714312862525
0 21 -0.05450721187971624 0.04573686899309154 -0.005724811496904141 -0.05034024107094924 0.044521971225495116 -0.04723382306128388 0.005784382908031979 0.04633655731186448 -0.07017900128899268 0.08937224091959806
0 22 -0.07429270835515324 -0.056086742444921726 -0.027511478284516465 -0.09355163178068955 0.029363655417579414 -0.009188152541281547 0.0875536894537671 -0.0515933725997721 -0.06398187160649142 -0.006637713881362461
0 23 0.001110231710688908 0.03628719778585125 -0.06347350339630646 0.034848573252692056 0.09114911973283849 -0.028423136186504168 -0.031399533518078546 -0.08332205868752525 0.06815874937449602 0.0033548326150186487
0 24 -0.018413743309451905 -0.032088996852425444 0.023400164280136172 0.09770961988730975 -0.04572908880474997 0.02602523730568559 0.030134025248692013 -0.060844478336902486 -0.08548323971883703 -0.03648792962841199
0 25 0.04724360876227153 0.07342536742212712 -0.03387477843732716 0.09242756665749684 0.03578652106621755 -0.07423493998148215 0.05768449554653278 0.021354033610779605 0.06650705208923745 -0.07809153646528655
0 26 -0.0670490222001532 -0.06750699636987292 -0.011287946403009811 -0.016387012178814764 -0.05836291143620892 0.029513329937679068 -0.007364759967097336 0.06131659029185022 -0.05235759923196682 0.07410813913874184
0 27 -0.091472376137073 -0.09389156008883717 0.024991175366651217 -0.06418509647497751 -0.07901031814539285 -0.0554404885214627 0.06312974839123893 0.040337086025122204 -0.08006895813138004 0.026957341736514887
0 28 -0.09469541367960205 0.02166863348482492 -0.02747442862778422 -0.05022365846190526 -0.05660831135225233 8.130750452553825E-5 -0.07834928791756356 -0.07741848709665071 -0.07365687294365653 -0.0018635792266273796
0 29 0.06919783277330495 -0.09799220562776587 -0.024115264847465682 -0.09613507542882231 0.07293416221695063 0.0894194259044076 0.027440252341683676 -0.07156711972629518 -0.09382106059484051 0.0036287623774465183
0 30 -0.03621489616309839 0.04675590311409527 0.06418344265713548 -0.05356093280438902 -0.05912760934764971 0.046191189210031965 -0.03492177119534103 -0.06416645662866893 -0.0749552909378603 -0.008461502358104903
0 31 -0.005525237918109469 -0.02275664313988873 -0.030852924418194122 -0.033372485626418695 -0.059111261458859865 0.04415916443714243 -0.0065004471261341035 0.0037167317337933074 -0.033327629837787164 -0.04727941877294818
0 32 -0.0021482832948181087 -0.03435114874338767 0.04541266989521684 -0.005369676865688516 -0.07187450690610522 -0.004823489885005552 -0.05573525998650884 0.08325916638810002 -0.09674818068432245 -0.009517489302153776
0 33 0.01993324141215615 0.042856602355957465 0.05538854867910815 0.04950701398261602 -0.003232841457024123 -0.09782218198175138 -0.04697450482176385 -0.04095391562222258 0.09115093600596552 0.0920021617582558
0 34 0.04170393624316525 0.04844304063597178 0.06625354829590686 0.0025427733397908213 -0.034970233619097235 -0.061319630955883456 0.09923631496974454 0.07844605347866562 0.050866286136217506 0.04991772044564551
0 35 -0.08521411108755587 0.06769744049692777 -0.06812091197470309 -0.033838210430785796 0.05890479094223389 -0.07063951280876446 0.03983242681791721 -0.08756067457745159 0.0383402375389617 -0.0790554580325241
0 36 0.03863116191232302 0.08803938013878795 0.07973940203707278 0.02526885447184914 0.09532694469673154 0.0932565974525797 0.07432134093225082 0.08247096682390218 -0.05915004580963004 -0.059751873724503905
0 37 0.07863817363322222 -0.056152413611703145 0.05400094847276119 -0.06854549261484938 0.06612699355600347 0.0920409139398067 0.07392340349247656 -0.0794002735852372 0.03147642194463963 0.030108436258877616
0 38 0.04499596586666346 0.04205500274232366 -0.08651930720389304 -0.08327785580696417 -0.07577174061874953 0.010843859157806954 5.724070290277705E-4 -0.023564089568825792 -0.014403692349943402 0.08122465586057051
0 39 -0.047618521275801545 0.07145967868629002 -0.021460376893734392 0.0399398131705026 -0.0825269561053132 -0.07951016187172497 -0.08367486487476535 0.05888183455578408 0.018794592682900898 -0.07861034144946809
0 40 0.05938927548636171 -0.07942221742474498 0.030726534799558725 -0.07728556651900281 -0.06806354911234093 -0.09905686263448497 -0.04690108943545949 0.002760486150259928 -0.058020821617833444 0.08058770545536387
0 41 0.01581991483489555 0.008350850419708573 0.0421394034864553 0.09880322533078098 -0.05389115457892944 -0.05231684190641336 -0.007674559814977307 0.03287145096624378 0.013224103036564303 0.07982770636058599
0 42 0.03491742163896561 -0.04928799718618393 -0.02949577569961548 -0.05992119759321213 0.08422758430242538 0.08479660749435425 0.06735480576753616 -0.06081899255514145 0.07674865424633026 -0.01412899512797594
0 43 0.0019608871466570347 0.011324480123661511 0.04726176623797572 0.06289886691071947 -0.06632206417991442 0.07291634365138666 0.051254586975879354 0.05301713669725221 -0.03669761600863541 -0.09018641968735988
0 44 -0.08486016503978644 -0.04097095521819791 0.0718902713215963 -0.08676929605933541 -0.015452518246957224 0.02438432340085963 -0.07737729317699898 0.03619857369321211 0.03525840184062271 -0.03287696973840518
0 45 0.05231342425732405 -0.07567572660129014 0.09169469013603972 0.013807602786176654 0.052620935267057634 0.044008114031126755 0.04661436415500404 0.054284900289469196 -0.026519470536237825 -0.030718638369669725
0 46 -0.09781117238001814 -0.01775442789443454 -0.0019739848465683473 0.014601625571655735 -0.06580533625365845 -0.019811349682659723 0.026401886531831405 -0.030616120715275683 -0.06359415849267752 0.08659038319062248 -0.07739153504371678
1 0 -0.03736001998185984
1 1 -0.06265100091695477
1 2 0.0015295923221857245
1 3 -0.07167754322290523
1 4 0.05770344287157005
1 5 0.03676689788699126
1 6 0.018020212650299502
1 7 0.04648435860872224
1 8 0.059698231518269834
1 9 0.0875310078263263
