## ListNet
## Epochs = 1500
## No. of features = 46
1 2 3 4 5 6 7 8 9 10 11 12 13 14 15 16 17 18 19 20 21 22 23 24 25 26 27 28 29 30 31 32 33 34 35 36 37 38 39 40 41 42 43 44 45 46
0
0 0 0.11980099363012539
0 1 -0.0014847744829048072
0 2 0.05669507772668821
0 3 0.10144179275335341
0 4 0.09204597655952124
0 5 -0.011565381661057472
0 6 -0.00811727624386549
0 7 -0.04358190298080444
0 8 -0.09684181213378906
0 9 -0.03406915068626404
0 10 0.1314666508440323
0 11 0.16805753349687694
0 12 0.0946640114434212
0 13 0.05800189779642336
0 14 0.0410720731852581
0 15 0.0400353925181962
0 16 0.06254617259125425
0 17 0.03921572980861958
0 18 -0.02850848116103295
0 19 -0.08574827571425447
0 20 0.23532305798483746
0 21 0.05969039987108322
0 22 0.24815383477252892
0 23 0.20839974866459682
0 24 0.041190201498481155
0 25 0.13367788844085976
0 26 0.09647524396851509
0 27 0.011250544948919614
0 28 0.04864455717163769
0 29 0.013218698043513732
0 30 0.1695753296915296
0 31 0.026057551084358883
0 32 0.02622810355271264
0 33 0.10799332513030893
0 34 0.02820100333274434
0 35 0.0026417337137227704
0 36 0.09758333957454844
0 37 0.2091361299965315
0 38 0.16323096290417266
0 39 0.12561966112634423
0 40 -0.010790757585064304
0 41 -0.043226506353008495
0 42 0.02356991171836853
0 43 -0.012960557535641355
0 44 -0.025083059074106004
0 45 0.030161701651836615
0 46 -0.014493065886199474
